0.97396857099851
0.0355499245095037
0.950914598623374
0.0268990471776053
0.0120784362445604
0.986920486976922
0.0970885978982637
0.988613728304482
0.471658588454577
0.946509268351486
0.0699572831581575
0.991222248535172
0.0631632210691288
0.370939659331785
0.987789190847479
0.0234346967169325
0.875708303303821
0.978613137396015
0.959221041087238
0.052412782625739
0.345281900374321
0.00283438061941532
0.00495494726815974
0.585561563904241
0.0329130528694258
0.00126344662019188
0.0521949206330076
0.856670891931677
0.973271177207699
0.869459327074732
0.0226723686962422
0.00155905642126101
0.0313424704881202
0.19905074631968
0.928076883334409
0.718343167010739
0.685048027424546
0.979918535366071
0.964688023657634
0.64875854638926
0.762789780277155
0.625543604679264
0.907348979427276
0.136379574888199
0.905798757618918
0.845158891497649
0.523954034807741
0.909829509986199
0.388606865453163
0.0946640340255982
0.770020117391746
0.840968840598756
0.0196440757580334
0.971766206083573
0.0388403412271837
0.891152885410906
0.227881386921608
0.00155765827389275
0.0974949596197707
0.0124041097448311
0.0403090045850561
0.813212472393462
0.914076683937841
0.801952559475168
0.0152275204469288
0.536134783126297
0.00156984454867326
0.140522562618887
0.105541941960052
0.735683066698232
0.0284381298932597
0.437046809575483
0.0767589056297394
0.989680344838979
0.857390983427822
0.929770528289421
0.90941809825114
0.199025184021757
0.972709786943796
0.909714462924251
0.657748553074672
0.00865031729753593
0.654411008021199
0.0271450339379482
0.667961926392601
0.0124762467537279
0.374559935044384
0.125368905471805
0.545740017060042
0.941269072030672
0.177799324395872
0.222215494041696
0.842772228469418
0.00983483266025602
0.907598798592867
0.987306550177021
0.64696337788077
0.972728668692623
0.876662686386917
0.842528878891723
0.0253840705506566
0.974990378471681
0.979916539514881
0.203183194763619
0.980835181907343
0.321896024887565
0.0183362909524037
0.834817930469871
0.818626691092094
0.83156369575731
0.0503617778596235
0.972752715623388
0.944549981607186
0.0769259373070545
0.0232525273887824
0.726678805378237
0.975762188117017
0.0132986823103552
0.215504696607012
0.430042773767636
0.00402294538228255
0.247187105638552
0.995222856833095
0.987912867649105
0.971511047800259
0.127792001820248
0.944121214191849
0.803265632685614
0.969930902128766
0.424841294893096
0.112047486980607
0.678360873933869
0.000313722206784361
0.125782757468579
0.94990687355427
0.183531524105888
0.143139485808187
0.801811241336673
0.0113619751293554
0.947103969383351
0.985991556433846
0.738759003648672
0.947721723576333
0.837717545304327
0.0161386384014614
0.984324172428592
0.964070939547317
0.808776252472603
0.992982070016651
0.00227918775201151
0.119406321219596
0.207368586831197
0.904711267490958
0.124093499591667
0.927073117197962
0.914761816242981
0.976696637294771
0.97284176968081
0.972853077768675
0.964368946597834
0.0151297824533193
0.915795181320921
0.667738654211853
0.980756643507318
0.91981548719908
0.754997725444078
0.0147240020286561
0.892137121565246
0.779982127711106
0.948836777821942
0.903712869702851
0.868954701941264
0.232093359584249
0.0561268055446744
0.786560975000864
0.0131252513130235
0.0525322484997331
0.830402106950486
0.0467058254861276
0.943931581555135
0.00232016094417557
0.997408121565425
0.0116146678930906
0.565004109616685
0.721792178568699
0.588079735205216
0.527369447294197
0.911108642468781
0.0593863015102537
0.0103706805173859
0.0100429773891451
0.966640746708628
0.0359549356691195
0.00515629852916395
0.00696023665190158
0.993474137250622
0.912025703481457
0.429579349131469
0.70253668418617
0.813810205950816
0.959271146527782
0.0133522275757305
0.981796196788902
0.969786004536884
0.714637371410479
0.00278404626898334
0.987194621821683
0.954788169048356
0.828556789488403
0.735289496748809
0.970391932979348
0.896204112582775
0.685187544990451
0.167280373134916
0.974193017993355
0.00851826429320531
0.924251377475758
0.703421657226252
0.723763586925203
0.045153574418822
0.625082098332776
0.00214492054677047
0.206937052926537
0.118639028478543
0.00415125375767329
0.00117245698285652
0.819563799595307
0.907993632777176
0.816484814331941
0.101625147509373
0.23280609612944
0.147533790350467
0.910836769128025
0.81352828228451
0.362747173244742
0.712886933255485
0.977439807118846
0.00391500661014002
0.77342202663301
0.0215165704066337
0.809728407728392
0.00601924938394584
0.939640993040632
0.367300106524206
0.980233683073417
0.139818095186321
0.948710198938299
0.940762367841634
0.0613027633227021
0.935177969337762
0.0489281728403817
0.9261850237804
0.551011073203761
0.0522645062977142
0.0130334031853912
0.493350339858382
0.878503990326053
0.00143462057893237
0.990362851952847
0.962779801613171
0.0185454362263525
0.0537734448060845
0.892150223100251
0.000570304144912738
0.00953504485542008
0.214865598144416
0.942846867912697
0.892490405530108
0.930308873090341
0.907616872275382
0.00289738514365133
0.991852995809852
0.966502964029746
0.955184932291659
0.00140196682679643
0.0385211641393583
0.578402147822587
0.959236586902457
0.00300811968813705
0.757642896357745
0.32144705719248
0.907539786877116
0.921227195631922
0.798087167404264
0.625284338685627
0.872685623674393
0.971292042975501
0.00749868903116945
0.75005803587802
0.734599978562254
0.992917543593877
0.578879827223595
0.695305056423866
0.302292539560068
0.000467601949430802
0.491927914889229
0.00140954601313031
0.972133634615925
0.933474757504856
0.896537878096587
