0.9589087031876
0.0387616961194649
0.921851300570487
0.0379382334558653
0.0137557419597718
0.977051251472652
0.0982959309454777
0.982055212322392
0.422307734781205
0.986819160573508
0.0670334216820394
0.998933331163008
0.0991937804313836
0.267478874571683
0.980473534619447
0.0339482008490772
0.979333430838066
0.967084983930085
0.935038728589912
0.0678675495270585
0.339641408636814
0.00420809986166334
0.010798752696564
0.476440971382643
0.0349285124093431
0.00283042994588577
0.0636215675658469
0.800270367899887
0.963086385953038
0.834901936464642
0.0444835285999842
0.00306436819495193
0.0627069942313157
0.141382441619419
0.986450078620471
0.784374874962508
0.621054920041117
0.968619103385093
0.952153921335273
0.939336884931577
0.717205970883833
0.517133215951593
0.956472814178849
0.167870133846289
0.875673658561259
0.819650142109614
0.453474353816085
0.931411761210367
0.313411988036202
0.0967833989699642
0.751455014778694
0.816068040314332
0.0329582607334611
0.960146055183199
0.054261454632191
0.859863944853578
0.190901537236657
0.00369267300749897
0.121518273648069
0.024094186673288
0.0610286317349392
0.778121820318232
0.887044975301524
0.704721106659253
0.0238688855082299
0.485366751363536
0.00399971901046619
0.164939685482114
0.143027728047839
0.715281964090259
0.0285315505677804
0.379049317896452
0.0993322470419207
0.980639496902819
0.955454258925213
0.887937425473279
0.986818593794541
0.192840361005068
0.954554201185138
0.834217768297081
0.935741190713945
0.0144855495495474
0.634520205813511
0.0386515383710217
0.633320098537068
0.0145077978516567
0.298446290405471
0.0943660026916563
0.462995159722622
0.917508078840934
0.193435731993865
0.237119459142637
0.798132478120594
0.116013281646165
0.885190266535953
0.97703652180253
0.670806470452803
0.959350669297242
0.846944401331265
0.813321071704406
0.0355447792917548
0.968613030737998
0.996120685254633
0.244764567535383
0.965271454900611
0.319147888755494
0.0227835145579519
0.71783389091398
0.775724190263037
0.797012413222522
0.0622245100343671
0.96658706976492
0.91392187159457
0.116470744766539
0.0427983256972086
0.688008662812178
0.965037951654906
0.0238643361191138
0.218389022472021
0.405823269643954
0.00666433260154881
0.176575413196755
0.991516768369338
0.976474006744094
0.980414402885573
0.133256347067025
0.910755575326838
0.734680013811555
0.952111020067595
0.276904729089305
0.127949304954033
0.496875866342162
0.000556007220874828
0.122423327572036
0.933023328602678
0.184824543363362
0.595141392006527
0.697662192553211
0.0178590784460637
0.987518661889457
0.993536396105631
0.687348309703037
0.931334411267827
0.807368541917301
0.0229451293241874
0.973202237325314
0.927002882080101
0.763894753911364
0.987086838289922
0.00543614178796913
0.130759042236251
0.232466652022066
0.882008015725329
0.117832675200097
0.892131088906027
0.892746674694215
0.994484698141831
0.952112290687158
0.996428238413754
0.947946621918184
0.0350357030480527
0.879844604332096
0.591142302124157
0.968773582606502
0.860940961118584
0.737066794037253
0.0232949809718731
0.855264556723567
0.974106153507001
0.914418452178884
0.876323297718481
0.794751102688832
0.216409553015551
0.0591230241810851
0.756358852586327
0.0243817843579037
0.0632737641344026
0.75872727832357
0.0585806358056477
0.914506888061027
0.00593960014092249
0.993339048818485
0.0140194500018253
0.550552225683624
0.614229969128286
0.52912128633657
0.557125377694464
0.874299469931182
0.0938799441794052
0.0104972531558809
0.0194801090520354
0.957406573853521
0.0365249609321784
0.0119874111172867
0.0136637596073821
0.998468427776227
0.888746193802957
0.342416817292267
0.598995664690494
0.789003799506216
0.943968774605799
0.0144348100729013
0.996266111334098
0.955750847305363
0.680187333414991
0.00620290058211779
0.979247502648012
0.990204688119232
0.79187437255905
0.694652325742041
0.995969767587398
0.893083267091141
0.655073779682762
0.111908758741466
0.956649947675359
0.0262300541723062
0.902815515967193
0.614391482599007
0.67577833284736
0.0527811654507534
0.574249814076053
0.00519883799177388
0.128881535193863
0.139176649634799
0.00723112950592683
0.00195594290326921
0.739542498858022
0.85844245505128
0.713348553636737
0.125397160319929
0.18842635117196
0.176670527706642
0.87798208120113
0.720365201849363
0.328257313561981
0.683384786573499
0.96002570260343
0.00805812116433024
0.749827383604152
0.0268423269142941
0.759835154611403
0.0121054558223119
0.914713049935159
0.355031716035093
0.995202701095457
0.130966257654584
0.926201891235363
0.914632943658354
0.076815194567027
0.891030272630276
0.0796187688705353
0.905073358613373
0.562246724266333
0.0671265133871503
0.0264165125894359
0.498206177614064
0.83307419317756
0.00354888428120699
0.998520437956988
0.908530535486205
0.0230979023951649
0.073612240313934
0.980398747576249
0.0013159025805842
0.0094735329689384
0.148089906345571
0.989712536345694
0.801521914383882
0.989418896269062
0.892272228645928
0.00523331138948989
0.992008844052534
0.938443492362001
0.931330383836014
0.00279360330291421
0.0488280933844405
0.414979125636631
0.995209607898189
0.00712738020649812
0.697749341995426
0.19121681773391
0.834092305122646
0.99028114862121
0.764154875832785
0.453812539732296
0.844158839275138
0.952758174363877
0.0108269176149259
0.655335434314737
0.616093835213672
0.981069713253144
0.510338426914058
0.596323147499777
0.27602358796611
0.00118375860159706
0.456193637828819
0.00289504394576367
0.955648969929348
0.897279787561593
0.788701141084372
