0.86
0.144
0.902
0.174
0.08
0.814
0.186
0.656
0.312
0.848
0.188
0.946
0.282
0.294
0.862
0.2
0.804
0.83
0.534
0.332
0.67
0.042
0.1
0.366
0.148
0.024
0.024
0.644
0.818
0.726
0.126
0.02
0.244
0.306
0.93
0.806
0.602
0.742
0.896
0.654
0.596
0.354
0.8
0.432
0.794
0.912
0.224
0.754
0.278
0.142
0.928
0.822
0.052
0.912
0.1
0.886
0.158
0.04
0.15
0.028
0.09
0.606
0.784
0.732
0.11
0.244
0.028
0.21
0.246
0.854
0.132
0.282
0.184
0.87
0.928
0.772
0.78
0.262
0.784
0.776
0.606
0.144
0.82
0.118
0.856
0.126
0.394
0.248
0.47
0.92
0.458
0.284
0.792
0.312
0.932
0.936
0.412
0.938
0.782
0.8
0.106
0.794
0.676
0.208
0.814
0.246
0.078
0.708
0.608
0.77
0.142
0.82
0.666
0.232
0.098
0.906
0.682
0.082
0.142
0.578
0.048
0.47
0.848
0.9
0.61
0.22
0.664
0.478
0.88
0.432
0.268
0.49
0.086
0.092
0.78
0.402
0.516
0.362
0.304
0.704
0.936
0.746
0.83
0.756
0.044
0.944
0.764
0.784
0.954
0.074
0.07
0.47
0.782
0.238
0.806
0.906
0.66
0.796
0.928
0.752
0.11
0.72
0.462
0.794
0.862
0.878
0.092
0.872
0.636
0.784
0.908
0.588
0.138
0.138
0.468
0.088
0.114
0.608
0.172
0.756
0.242
0.704
0.316
0.72
0.358
0.656
0.694
0.764
0.136
0.082
0.062
0.676
0.47
0.108
0.03
0.786
0.822
0.402
0.318
0.728
0.956
0.118
0.702
0.932
0.684
0.238
0.88
0.728
0.83
0.896
0.928
0.818
0.842
0.472
0.884
0.208
0.892
0.52
0.464
0.108
0.592
0.028
0.428
0.398
0.132
0.182
0.53
0.654
0.476
0.256
0.458
0.362
0.788
0.636
0.458
0.742
0.914
0.08
0.692
0.182
0.536
0.268
0.944
0.254
0.732
0.184
0.81
0.592
0.176
0.54
0.158
0.88
0.74
0.144
0.172
0.636
0.756
0.042
0.798
0.75
0.084
0.078
0.812
0.01
0.148
0.464
0.782
0.554
0.7
0.704
0.02
0.936
0.702
0.892
0.062
0.326
0.406
0.914
0.028
0.496
0.472
0.614
0.88
0.794
0.738
0.88
0.886
0.052
0.418
0.408
0.604
0.46
0.58
0.374
0.054
0.426
0.066
0.688
0.802
0.386
