0.932420775294304
0.0310621857643127
0.948081105947495
0.138218820095062
0.0329368114471436
0.972062323242426
0.0503222346305847
0.950015157461166
0.160382688045502
0.980699790641665
0.075197696685791
0.982391644269228
0.033902645111084
0.208110690116882
0.961392316967249
0.0928659439086914
0.964894108474255
0.937919098883867
0.879713423550129
0.223016798496246
0.781972795724869
0.00905126333236694
0.0145354866981506
0.469937443733215
0.0301257967948914
0.00831437110900879
0.0105239152908325
0.622582137584686
0.964983649551868
0.918969474732876
0.0165113806724548
0.0102788805961609
0.0762743949890137
0.337342143058777
0.968622498214245
0.933968380093575
0.754132032394409
0.922995880246162
0.960026443004608
0.969737151637673
0.867287501692772
0.33262026309967
0.965116415172815
0.0756510496139526
0.881169445812702
0.954572141170502
0.227273464202881
0.948488973081112
0.318376541137695
0.0684318542480469
0.931497886776924
0.944707717746496
0.035102903842926
0.962785232812166
0.0165313482284546
0.942156251519918
0.0883437991142273
0.0124229192733765
0.0150067806243896
0.0115739107131958
0.0267545580863953
0.485308110713959
0.961375683546066
0.933485276997089
0.00992810726165771
0.33938854932785
0.00904494524002075
0.0465024709701538
0.0575721263885498
0.957232546061277
0.0282683968544006
0.20306122303009
0.0187308192253113
0.971477558836341
0.91985397040844
0.920769743621349
0.963834676891565
0.0219268202781677
0.953420929610729
0.707823574542999
0.969713343307376
0.0136680603027344
0.868811532855034
0.0167534947395325
0.911303944885731
0.0242658257484436
0.569770097732544
0.302894234657288
0.160329818725586
0.954623259603977
0.517539024353027
0.0502445101737976
0.896941311657429
0.0268659591674805
0.9678012765944
0.975488675758243
0.814860984683037
0.950314693152905
0.915427707135677
0.931336961686611
0.0140340924263
0.885258950293064
0.974493471905589
0.119756877422333
0.954982120543718
0.110135436058044
0.0149231553077698
0.862150087952614
0.828373327851295
0.895521834492683
0.0175454020500183
0.961555998772383
0.921167001128197
0.0145633816719055
0.0175816416740417
0.943857118487358
0.94195019826293
0.0132995247840881
0.073509693145752
0.699171632528305
0.0111845731735229
0.176950931549072
0.97804169729352
0.982899958267808
0.921133942902088
0.04765784740448
0.771840274333954
0.684901148080826
0.962254054844379
0.682293921709061
0.0597342848777771
0.39819061756134
0.0207386016845703
0.0186383128166199
0.975473297759891
0.0938871502876282
0.175377070903778
0.457861006259918
0.0144659280776978
0.987622605636716
0.982738304883242
0.944164142012596
0.929068103432655
0.937212489545345
0.0118741989135742
0.979207847267389
0.958391282707453
0.903407387435436
0.978911964222789
0.0110772848129272
0.0132450461387634
0.192816317081451
0.958337560296059
0.0691230297088623
0.953425619751215
0.964822176843882
0.983511909842491
0.963231850415468
0.948730003088713
0.959924228489399
0.0159208178520203
0.959992788732052
0.607956975698471
0.973841156810522
0.907662384212017
0.913974218070507
0.0109795928001404
0.945750746876001
0.867834776639938
0.89969078451395
0.954239942133427
0.736396163702011
0.0272467136383057
0.0525281429290771
0.613987475633621
0.013349175453186
0.0220903158187866
0.785283997654915
0.01585453748703
0.92707721143961
0.0138301849365234
0.971815194934607
0.0126782059669495
0.851801574230194
0.502689003944397
0.791338622570038
0.91222607344389
0.961384359747171
0.0658473968505859
0.0153611302375793
0.0164567232131958
0.937116049230099
0.0639258623123169
0.0210672616958618
0.0108996033668518
0.983480812981725
0.955300357192755
0.44930624961853
0.134392917156219
0.945230986922979
0.955000504851341
0.0253549814224243
0.981263242661953
0.959075536578894
0.750408813357353
0.0172765254974365
0.981203019618988
0.985268777236342
0.957286186516285
0.926106192171574
0.96350259333849
0.96097344905138
0.932025663554668
0.321841776371002
0.968841785565019
0.0167478322982788
0.953535366803408
0.602551966905594
0.514682859182358
0.0174648761749268
0.717808812856674
0.00783395767211914
0.445699393749237
0.0278480052947998
0.0106261372566223
0.0132431983947754
0.26699697971344
0.564515829086304
0.468243598937988
0.0690480470657349
0.0719462037086487
0.0158390402793884
0.887714691460133
0.825024843215942
0.11321896314621
0.863783359527588
0.969564439728856
0.0109789967536926
0.946575112640858
0.0194322466850281
0.792324915528297
0.01389080286026
0.944863449782133
0.191231906414032
0.986333429813385
0.0630654096603394
0.942755881696939
0.878185123205185
0.0206217169761658
0.795676454901695
0.127270877361298
0.933958105742931
0.833255738019943
0.0251977443695068
0.0684725046157837
0.716576904058456
0.905547052621841
0.0101598501205444
0.979801077395678
0.865906268358231
0.0151427984237671
0.0139603614807129
0.975612297654152
0.00920563936233521
0.0233435034751892
0.440793454647064
0.970536597073078
0.887810066342354
0.930787764489651
0.858346447348595
0.00870954990386963
0.982141437008977
0.863267600536346
0.969437098130584
0.0151638388633728
0.0219380855560303
0.301798224449158
0.976937711238861
0.0106977820396423
0.847809433937073
0.176708161830902
0.658071845769882
0.964710969477892
0.940191406756639
0.751524329185486
0.938782062381506
0.959860149770975
0.00794744491577148
0.601463139057159
0.213812530040741
0.913079939782619
0.35885888338089
0.680751711130142
0.14877849817276
0.0101625323295593
0.775347158312798
0.0105141401290894
0.885523565113544
0.781250759959221
0.781954362988472
